-13.403847 -11.789732 1.569927
-13.391216 -11.400674 1.575060
-13.397913 -9.470506 1.523327
-13.019411 -8.254060 1.261970
-13.722981 -6.476692 2.093328
-13.697646 -4.745559 1.247961
-11.349181 -4.631614 -0.662922
-9.233126 -4.362081 -1.363454
-7.724890 -4.266532 0.027799
-7.347331 -1.169769 2.172295
-6.945995 1.600738 0.687921
-5.417622 4.780775 0.134224
-2.861963 4.781973 -1.464299
3.078356 5.262310 1.007233
4.254023 -0.349932 -2.936985
1.500796 -6.501926 -1.735567
-5.760223 -6.270234 -2.449174
